4612
0 1 10 1
0 2 1 5
0 6 0 15
0 16 1 21
0 22 3 24
0 25 0 36
0 41 5 42
0 43 8 43
0 44 4 45
0 46 7 46
0 47 9 47
0 49 9 49
0 50 11 50
0 51 5 52
0 55 0 66
0 67 11 67
0 68 3 70
0 72 5 73
0 75 9 75
0 77 4 78
0 79 5 80
0 81 2 83
0 84 10 84
0 85 2 87
0 88 0 99
0 100 1 105
0 106 11 106
0 107 8 107
0 108 0 118
0 119 11 119
0 120 1 125
0 126 1 130
0 131 7 131
0 132 0 139
0 140 2 143
0 144 0 151
0 152 4 153
0 154 7 154
0 155 3 157
0 158 1 161
0 162 2 164
0 165 0 174
0 175 2 177
0 178 11 178
0 179 0 186
0 187 4 188
0 189 5 190
0 191 0 202
0 203 9 203
0 204 1 208
0 209 0 218
0 219 0 230
0 231 4 232
0 234 5 235
0 236 0 246
0 247 7 247
0 248 4 249
0 0 7 0
1 6 1 15
1 25 10 25
1 26 5 27
1 28 1 36
0 37 2 39
0 40 10 40
0 48 8 48
0 54 11 54
1 55 2 59
1 61 10 61
1 62 3 64
1 66 9 66
0 74 9 74
0 76 8 76
1 88 12 88
1 89 4 90
1 91 8 91
1 92 9 92
1 93 3 96
1 97 9 97
1 98 5 99
1 108 1 115
1 116 10 116
1 117 4 118
1 132 9 132
1 133 12 133
1 134 4 135
1 136 11 136
1 137 3 139
1 144 2 147
1 148 3 150
1 151 9 151
1 165 2 168
1 169 10 169
1 170 3 173
1 180 4 181
1 182 5 183
1 184 3 186
1 202 11 202
1 209 12 209
1 210 6 211
1 212 11 212
1 213 8 213
1 214 1 221
1 222 2 227
1 229 5 230
1 236 3 238
1 240 9 240
1 241 11 241
1 242 2 246
2 2 7 3
2 4 5 5
2 6 9 6
2 7 11 7
2 8 13 8
2 9 3 12
2 13 4 15
2 16 6 17
2 18 4 20
2 21 10 21
2 28 2 35
2 36 12 36
1 60 9 60
0 71 10 71
2 100 3 105
2 108 11 108
2 109 7 110
2 111 13 111
2 112 7 113
2 115 10 115
2 120 4 122
2 123 9 123
2 124 4 127
2 128 12 128
2 158 13 158
2 159 7 160
2 161 12 161
2 179 13 179
1 191 12 191
2 194 3 199
2 204 3 207
2 208 9 208
2 214 10 214
2 215 7 216
2 217 11 217
2 218 9 218
2 219 11 219
2 220 9 220
1 228 8 228
0 233 11 233
1 239 10 239
3 28 3 35
3 37 6 39
3 55 6 56
3 57 7 58
1 65 9 65
3 81 14 81
3 83 13 83
3 85 12 85
3 87 10 87
2 114 10 114
2 129 5 130
3 140 4 145
3 146 8 147
3 162 5 164
3 165 6 166
3 175 11 175
3 176 8 177
3 221 5 223
3 224 6 226
3 242 11 242
3 243 12 243
3 245 10 245
3 246 10 246
4 9 7 10
4 23 9 24
4 28 12 28
4 29 12 29
4 30 7 32
4 33 8 34
0 53 9 53
3 59 12 59
4 62 11 62
4 64 15 64
4 68 7 70
3 82 12 82
3 86 14 86
4 93 7 94
4 100 5 104
4 137 7 138
4 139 15 139
4 148 12 148
4 149 15 149
4 150 12 150
4 155 12 155
4 156 8 157
3 167 7 168
4 170 8 171
4 172 8 173
4 184 6 186
2 192 7 193
4 194 9 195
4 197 5 200
1 201 12 201
4 204 12 204
4 205 7 206
4 207 15 207
4 236 13 236
4 237 12 237
3 244 14 244
5 11 10 12
5 14 13 14
5 18 13 18
5 19 16 19
5 20 15 20
4 22 12 22
5 44 10 45
4 63 12 63
5 77 12 77
5 89 10 90
4 95 14 95
4 105 14 105
5 117 12 117
5 118 16 118
5 120 13 120
5 121 14 121
5 122 15 122
5 124 10 125
5 126 10 127
5 134 13 134
5 135 16 135
5 140 15 140
5 141 9 142
5 143 7 145
5 152 12 152
5 174 16 174
5 180 9 181
5 187 8 188
4 196 11 196
5 231 13 231
5 232 12 232
5 248 15 248
6 5 13 5
6 26 17 26
6 27 13 27
4 35 13 35
6 41 14 41
6 42 15 42
6 51 10 52
6 72 14 72
6 78 10 79
6 80 17 80
4 96 14 96
6 99 15 99
6 101 15 101
6 130 13 130
5 153 12 153
6 162 14 162
6 163 15 163
6 164 14 164
6 182 10 183
6 189 17 189
6 197 16 197
6 198 15 198
6 199 13 199
6 221 9 223
6 235 16 235
5 249 16 249
6 13 17 13
7 16 14 16
7 37 9 39
7 55 14 55
6 98 15 98
6 102 9 104
7 165 16 165
7 166 18 166
7 184 11 185
6 200 17 200
7 210 11 211
7 225 12 226
7 229 18 229
6 230 15 230
7 238 18 238
8 0 16 0
8 2 15 2
8 3 18 3
8 9 13 10
5 15 13 15
7 17 18 17
8 30 16 30
8 31 11 32
8 46 17 46
7 56 16 56
8 58 18 58
8 68 10 70
6 73 15 73
8 94 18 94
8 110 17 110
8 112 16 112
8 131 17 131
8 137 19 137
8 138 16 138
8 143 12 144
8 154 19 154
8 160 18 160
8 167 19 167
8 168 17 168
7 186 14 186
8 192 12 193
8 205 19 205
8 215 13 216
7 224 14 224
8 234 19 234
8 247 16 247
9 33 18 33
9 34 16 34
9 43 17 43
9 48 17 48
8 57 16 57
9 76 17 76
9 91 17 91
9 93 20 93
9 107 19 107
8 109 17 109
8 113 19 113
9 146 12 147
9 156 18 156
9 157 17 157
9 170 18 170
9 171 12 173
9 176 13 177
9 187 18 187
9 190 20 190
9 227 14 228
10 6 21 6
10 23 21 23
10 39 17 39
10 47 17 47
10 53 18 53
10 60 18 60
10 65 21 65
10 66 18 66
10 74 17 74
10 92 19 92
10 97 17 97
10 100 21 100
10 102 18 102
10 104 21 104
10 123 19 123
10 132 17 132
10 141 19 141
10 151 20 151
10 181 18 181
10 195 18 195
10 203 20 203
10 208 20 208
10 218 21 218
10 220 11 223
10 240 18 240
11 1 18 1
11 11 20 11
11 12 19 12
10 24 18 24
11 25 20 25
11 37 22 37
10 38 20 38
11 40 22 40
11 44 19 44
11 45 22 45
11 51 19 51
11 52 22 52
11 61 21 61
11 68 22 68
11 69 16 70
11 71 21 71
11 84 22 84
11 87 19 87
11 89 18 89
11 90 18 90
11 114 20 114
11 115 14 116
11 124 21 124
11 126 18 126
11 159 22 159
11 169 21 169
11 182 20 182
11 194 22 194
11 213 16 214
11 239 19 239
11 245 15 246
11 4 22 4
12 31 17 32
12 49 23 49
12 50 23 50
12 54 21 54
12 62 21 62
12 106 19 106
12 108 22 108
11 125 18 125
11 127 19 127
12 136 23 136
8 145 17 145
12 175 22 175
12 178 20 178
12 184 16 185
12 196 21 196
12 202 23 202
12 210 14 212
12 217 20 217
12 219 23 219
12 220 13 223
12 233 23 233
12 241 23 241
12 242 23 242
13 21 17 22
13 36 21 36
13 59 21 59
13 63 23 63
13 77 24 77
13 79 24 79
13 82 22 82
13 85 24 85
13 88 21 88
13 103 24 103
12 119 19 119
13 128 21 128
10 142 17 142
13 143 20 143
13 144 23 144
13 146 18 147
13 148 22 148
13 150 24 150
13 152 22 152
13 153 21 153
13 155 24 155
13 161 24 161
13 171 21 171
13 172 21 172
13 173 22 173
10 180 18 180
10 188 21 188
13 191 17 192
13 193 22 193
13 204 23 204
13 232 24 232
13 237 24 237
13 243 22 243
14 5 25 5
14 7 19 8
14 9 18 10
14 14 25 14
14 15 21 15
14 18 23 18
14 27 22 27
14 35 22 35
12 67 23 67
14 83 25 83
14 129 18 130
14 133 17 134
14 176 17 177
14 183 25 183
14 199 21 199
14 201 25 201
8 206 17 206
14 220 17 221
14 223 23 223
13 225 17 226
14 236 25 236
15 16 26 16
15 28 20 29
15 41 22 41
15 55 26 55
15 78 26 78
15 86 25 86
15 95 25 95
15 96 24 96
15 105 23 105
15 115 25 115
15 116 22 116
15 121 22 121
15 162 26 162
15 164 25 164
15 186 26 186
15 210 25 210
15 211 18 212
14 215 19 216
15 244 26 244
16 2 23 2
16 20 25 20
16 42 27 42
16 73 27 73
16 75 27 75
16 98 25 98
16 99 25 99
16 101 26 101
16 111 27 111
16 122 27 122
16 139 26 139
16 140 26 140
16 149 26 149
14 158 22 158
16 163 24 163
16 198 27 198
14 222 24 222
15 227 18 228
16 230 23 230
16 245 24 245
16 248 23 248
17 19 24 19
17 30 25 30
17 34 28 34
17 56 27 56
17 64 28 64
17 69 22 70
15 81 22 81
17 112 27 112
17 118 26 118
17 120 28 120
17 135 27 135
17 138 24 138
17 185 25 185
17 197 28 197
16 207 27 207
17 213 21 214
17 224 28 224
17 235 27 235
16 246 24 246
17 247 27 247
17 249 25 249
18 13 26 13
18 21 22 22
18 32 28 32
18 39 25 39
18 43 27 43
18 46 27 46
18 47 29 47
18 48 25 48
18 57 29 57
18 74 27 74
18 76 28 76
18 91 29 91
18 97 29 97
18 109 22 110
18 117 29 117
18 131 25 131
18 132 27 132
18 133 22 134
18 142 29 142
18 145 29 145
18 157 26 157
18 165 29 165
18 168 26 168
18 176 29 176
14 179 22 179
17 184 27 184
18 192 25 192
18 200 25 200
18 206 25 206
18 220 28 220
18 225 25 225
19 0 23 1
19 3 26 3
19 9 30 9
19 17 30 17
19 24 28 24
19 33 27 33
19 53 26 53
19 58 26 58
19 60 27 60
19 66 28 66
19 89 26 89
19 94 26 94
19 102 30 102
19 125 29 125
19 129 23 130
19 156 29 156
19 160 30 160
17 174 27 174
19 177 30 177
19 180 28 180
19 181 26 181
19 187 30 187
18 189 26 189
18 191 28 191
19 195 30 195
19 209 30 209
19 211 23 212
18 221 28 221
19 226 30 226
19 227 22 228
19 229 30 229
19 10 26 10
20 12 29 12
18 26 27 26
20 51 31 51
20 72 31 72
20 87 28 87
20 92 30 92
20 106 24 107
20 113 27 113
20 119 29 119
20 123 27 123
20 127 30 127
20 137 29 137
20 141 27 141
20 166 23 167
20 215 25 216
20 234 27 234
20 238 23 240
21 7 26 8
21 11 29 11
21 25 32 25
18 31 29 31
21 38 30 38
21 93 32 93
21 114 28 114
21 126 32 126
19 146 23 147
21 151 30 151
21 170 32 170
21 178 28 178
21 182 32 182
21 203 31 203
21 208 29 208
21 217 29 217
20 231 31 231
22 6 31 6
22 15 31 15
22 36 30 36
22 44 33 44
22 59 30 59
22 61 33 61
22 62 31 62
22 71 32 71
22 88 32 88
22 100 29 100
22 104 30 104
22 128 29 128
22 153 26 154
22 171 29 171
22 172 33 172
22 188 29 188
22 196 33 196
22 199 33 199
20 205 29 205
22 213 29 213
22 218 30 218
23 21 34 21
22 23 29 23
23 27 30 27
22 28 33 28
23 37 30 37
23 40 34 40
23 41 31 41
23 54 34 54
23 68 33 68
23 80 28 81
23 82 32 82
23 84 32 84
23 108 34 108
23 109 30 109
23 110 30 110
23 121 33 121
23 148 32 148
23 152 31 152
23 158 26 159
23 173 31 173
23 179 32 179
23 193 26 194
23 227 32 227
23 228 32 228
23 243 32 243
24 0 33 0
24 1 28 2
24 18 33 18
23 45 32 45
24 50 35 50
23 52 33 52
24 63 35 63
24 67 35 67
23 69 28 70
24 116 35 116
24 129 27 130
23 133 34 133
24 136 35 136
24 143 28 144
24 146 29 147
24 166 27 167
24 202 35 202
24 211 33 211
24 212 34 212
24 214 35 214
24 230 34 230
24 233 32 233
24 238 27 240
24 241 28 242
24 248 32 248
24 49 34 49
25 85 32 85
25 96 33 96
25 103 34 103
25 106 28 107
25 134 36 134
25 138 34 138
25 150 34 150
25 161 32 161
25 163 35 163
24 190 35 190
25 222 36 222
25 245 34 245
25 246 35 246
26 4 29 5
26 19 37 19
26 20 35 20
26 29 30 30
26 39 34 39
26 48 37 48
22 65 30 65
25 77 33 77
26 95 33 95
26 98 36 98
25 155 33 155
26 164 37 164
26 183 33 183
26 185 36 185
26 192 35 192
26 200 37 200
26 201 36 201
26 206 35 206
26 210 34 210
26 216 37 216
26 236 37 236
25 237 34 237
26 249 37 249
27 7 38 7
27 10 36 10
27 13 38 13
27 14 38 14
27 16 38 16
27 55 35 55
27 58 38 58
27 78 30 79
26 83 37 83
27 89 35 89
27 94 38 94
27 101 34 101
27 118 36 118
27 124 38 124
27 131 38 131
27 139 38 139
27 149 34 149
27 153 31 154
27 157 36 157
27 158 30 159
27 162 36 162
27 168 31 169
27 181 36 181
27 189 34 189
27 193 37 193
27 194 38 194
27 215 38 215
24 219 32 219
27 223 38 223
27 8 38 8
28 22 39 22
28 26 35 26
28 33 36 33
28 42 39 42
28 43 35 43
28 56 36 56
28 60 37 60
28 73 33 74
28 99 39 99
28 111 32 112
28 122 38 122
28 123 39 123
28 129 39 129
28 132 39 132
28 135 35 135
28 140 39 140
28 141 36 141
28 167 36 167
28 174 35 174
28 184 39 184
28 198 36 198
28 204 39 204
28 207 36 207
28 234 33 235
28 238 30 240
27 244 36 244
28 247 39 247
29 1 38 1
29 2 38 2
29 3 40 3
29 24 40 24
29 32 38 32
29 34 36 34
29 66 39 66
29 70 40 70
29 75 40 75
29 76 36 76
29 86 33 87
29 106 37 106
29 113 34 114
29 120 38 120
29 130 40 130
29 144 38 144
28 166 37 166
29 178 38 178
29 180 36 180
29 191 37 191
29 197 40 197
29 220 37 220
29 221 36 221
29 224 33 225
29 241 32 242
30 4 35 5
30 11 38 11
30 12 37 12
30 23 37 23
30 31 38 31
30 35 41 35
30 46 35 47
30 57 39 57
29 69 36 69
29 80 34 81
30 90 35 91
30 100 38 100
30 115 41 115
30 117 38 117
30 125 41 125
30 128 38 128
30 137 41 137
30 145 32 147
30 156 41 156
30 171 41 171
27 186 36 186
30 188 39 188
30 205 38 205
30 208 40 208
30 213 41 213
30 217 40 217
31 9 39 9
31 17 42 17
31 27 42 27
31 29 42 29
31 30 38 30
31 36 36 37
31 38 40 38
31 59 42 59
31 65 39 65
31 78 42 78
31 79 39 79
31 92 38 92
31 104 41 104
31 105 42 105
29 107 39 107
31 109 39 109
31 119 42 119
31 127 42 127
30 142 35 143
31 151 42 151
31 158 33 160
30 176 37 176
31 177 41 177
31 187 40 187
31 209 39 209
31 218 39 218
31 229 41 229
29 232 40 232
31 239 38 239
32 6 40 6
32 15 42 15
32 41 40 41
32 62 42 62
29 64 38 64
32 110 43 110
32 152 37 153
32 154 39 154
32 168 43 168
32 173 39 173
32 203 40 203
31 226 40 226
32 231 39 231
31 240 38 240
33 25 41 25
33 51 44 51
33 71 44 71
32 72 39 72
33 85 40 85
33 88 41 88
33 111 36 112
33 126 42 126
33 146 43 146
33 147 43 147
33 148 41 148
33 161 43 161
30 165 40 165
33 169 36 170
33 179 44 179
33 219 42 219
33 227 38 228
33 233 43 233
33 238 44 238
33 241 36 242
33 243 40 243
33 248 42 248
34 18 42 18
34 28 44 28
34 44 43 44
34 52 41 52
34 68 44 68
34 73 45 73
34 77 43 77
34 86 43 86
34 87 44 87
34 95 44 95
30 97 38 97
31 102 39 102
34 121 43 121
33 145 43 145
34 155 45 155
34 158 42 158
34 182 38 183
34 211 44 211
34 234 38 235
35 39 46 39
35 49 43 49
33 53 44 53
34 61 44 61
35 80 42 80
35 81 44 81
33 93 43 93
35 101 43 101
35 103 46 103
35 108 44 108
35 114 46 114
35 133 42 133
35 138 46 138
35 149 38 150
34 159 39 160
35 195 46 195
35 210 43 210
34 224 42 224
35 230 43 230
35 237 45 237
36 4 41 5
36 20 45 20
36 26 47 26
36 43 44 43
36 45 41 46
36 47 43 47
36 50 47 50
35 54 42 54
36 55 44 55
36 63 43 63
36 84 47 84
36 89 38 91
36 135 45 135
36 136 45 136
36 142 40 143
36 163 44 163
34 172 42 172
36 174 47 174
36 189 40 190
36 192 46 192
34 196 43 196
36 199 47 199
36 202 47 202
36 206 45 206
36 245 47 245
36 246 43 246
37 21 48 21
37 33 45 33
37 34 44 34
37 37 46 37
36 67 43 67
37 69 45 69
35 74 46 74
37 76 48 76
37 82 48 82
37 98 46 98
37 111 41 112
37 113 48 113
37 141 48 141
37 157 45 157
37 162 48 162
37 167 46 167
37 169 40 170
37 180 48 180
37 181 45 181
37 185 46 185
37 186 46 186
37 198 45 198
37 201 47 201
37 207 48 207
37 221 45 221
37 222 45 222
37 225 48 225
37 241 45 241
37 244 48 244
38 12 45 12
37 36 46 36
38 40 49 40
38 48 48 48
38 60 45 60
38 83 49 83
38 106 49 106
36 116 45 116
37 134 48 134
38 152 48 152
38 164 46 164
38 166 49 166
38 176 45 176
38 191 45 191
38 193 46 193
38 200 47 200
37 212 48 212
36 214 44 214
38 220 46 220
37 242 45 242
38 249 49 249
39 0 42 2
39 7 42 8
39 10 42 11
39 14 50 14
39 23 50 23
39 30 41 32
39 58 49 58
39 64 47 64
39 90 43 91
39 92 46 92
39 94 48 94
39 96 44 97
39 117 50 117
39 120 49 120
39 128 46 128
39 131 47 131
39 139 49 139
39 144 48 144
39 150 50 150
39 178 50 178
39 194 49 194
39 205 47 205
38 216 47 216
39 234 50 234
39 236 50 236
39 239 50 239
39 240 47 240
40 9 49 9
39 13 46 13
40 22 50 22
40 42 51 42
40 57 48 57
40 65 49 65
40 72 49 72
40 79 48 79
40 99 49 99
40 102 47 102
40 107 51 107
40 109 51 109
40 153 51 153
40 154 51 154
40 159 51 159
40 173 50 173
39 182 50 182
40 184 48 184
40 188 49 188
40 204 49 204
39 215 47 215
40 218 51 218
39 227 47 227
39 228 46 228
40 231 47 231
41 6 49 6
39 16 47 16
41 24 51 24
41 38 49 38
41 41 49 41
41 66 52 66
41 75 50 75
41 85 52 85
40 89 51 89
40 122 44 123
39 124 48 124
41 130 49 130
41 142 44 143
40 160 48 160
41 165 51 165
41 170 52 170
41 183 52 183
41 187 52 187
41 190 52 190
41 197 50 197
41 203 52 203
41 208 50 208
41 209 52 209
39 223 47 223
41 226 52 226
41 232 49 232
39 235 48 235
41 243 52 243
40 247 51 247
41 3 48 3
42 4 46 5
42 31 45 32
42 35 53 35
42 45 51 45
42 46 52 46
42 52 49 52
41 70 51 70
42 88 51 88
42 104 50 104
42 111 46 112
42 115 51 115
42 125 51 125
42 137 52 137
40 140 48 140
42 148 49 148
42 149 53 149
41 169 48 169
42 177 52 177
42 229 51 229
43 7 54 7
43 10 48 11
43 15 52 15
43 17 46 19
43 29 52 29
42 30 50 30
43 54 51 54
43 62 50 62
43 80 50 80
43 105 54 105
43 118 48 119
43 126 47 127
43 132 47 133
43 151 52 151
43 158 52 158
42 171 49 171
43 172 54 172
42 213 52 213
43 224 53 224
43 248 53 248
43 1 47 2
43 8 53 8
43 25 54 25
44 27 55 27
44 44 53 44
44 47 53 47
43 59 50 59
44 63 52 63
44 67 53 67
44 77 54 77
43 78 50 78
44 86 51 86
44 90 49 91
44 93 55 93
44 100 48 101
44 110 52 110
44 121 55 121
40 129 50 129
44 145 49 146
44 147 54 147
44 156 55 156
44 161 55 161
44 168 52 168
44 189 55 189
44 196 52 196
44 219 55 219
44 230 54 230
44 233 53 233
44 246 55 246
45 28 54 28
45 34 56 34
45 43 53 43
45 55 55 55
45 61 53 61
45 68 56 68
45 71 52 71
45 81 54 81
45 87 56 87
45 95 53 95
45 96 50 97
45 108 53 108
45 122 56 122
45 123 56 123
45 142 50 143
45 163 53 163
45 179 53 179
45 211 54 211
45 214 56 214
43 0 53 0
46 12 57 12
46 20 55 20
46 31 56 31
46 32 50 33
45 51 52 51
46 53 57 53
46 60 53 60
46 69 53 69
46 116 53 116
46 135 57 135
46 136 54 136
46 157 57 157
46 176 57 176
46 181 57 181
46 191 53 191
46 198 55 198
46 206 54 206
46 217 57 217
46 221 55 221
46 222 55 222
46 241 53 241
46 242 54 242
47 4 50 5
47 13 57 13
47 17 52 18
47 36 54 36
47 37 56 37
47 56 58 56
47 73 58 73
47 74 57 74
47 98 54 98
47 103 57 103
47 111 50 112
47 114 56 114
47 128 56 128
46 155 56 155
47 164 58 164
47 167 55 167
47 185 55 185
47 186 58 186
47 192 56 192
47 193 58 193
47 195 55 195
47 220 55 220
48 1 55 1
48 2 59 2
48 16 59 16
47 39 55 39
48 64 58 64
48 126 51 127
48 131 51 133
47 138 54 138
48 174 51 175
48 199 59 199
48 200 50 202
48 205 59 205
48 215 56 215
48 216 59 216
48 223 56 223
48 227 59 227
48 231 57 231
45 238 52 238
49 3 60 3
49 10 60 10
49 11 60 11
48 26 56 26
49 48 59 48
48 50 56 50
49 57 56 57
49 76 56 76
49 79 60 79
48 84 56 84
49 94 58 94
49 100 54 101
49 118 53 119
49 124 56 124
49 134 57 134
49 140 58 140
49 144 58 144
49 152 60 152
49 160 60 160
49 162 57 162
49 169 58 169
49 180 60 180
49 184 60 184
49 212 59 212
49 225 60 225
49 235 56 235
49 244 54 245
50 6 61 6
50 9 58 9
50 38 58 38
50 40 54 41
50 58 61 58
50 65 60 65
50 72 58 72
50 82 61 82
50 90 54 91
50 99 58 99
50 102 61 102
50 120 61 120
50 130 58 130
50 145 58 145
50 148 61 148
50 166 61 166
50 171 60 171
50 188 61 188
50 194 59 194
50 204 59 204
50 207 61 207
50 232 58 232
51 4 55 5
51 14 59 14
47 19 58 19
51 22 60 22
51 23 62 23
51 30 62 30
51 32 61 32
51 59 60 59
51 75 58 75
51 78 59 78
51 80 58 80
51 97 59 97
51 104 58 104
50 106 58 106
51 112 60 112
49 113 59 113
51 141 54 143
51 146 62 146
51 173 61 173
51 182 60 182
51 200 54 202
51 208 62 208
51 210 62 210
51 234 60 234
51 237 62 237
51 239 62 239
52 24 62 24
51 33 58 33
52 45 63 45
52 52 63 52
52 54 63 54
52 86 61 86
52 88 62 88
52 89 62 89
52 107 63 107
52 109 61 109
51 111 59 111
52 115 61 115
51 117 62 117
52 125 60 125
52 126 62 126
52 129 63 129
52 131 54 133
51 150 60 150
52 153 55 154
52 165 59 165
52 174 55 175
52 197 63 197
52 218 63 218
52 228 56 229
52 247 61 247
50 249 61 249
53 17 57 18
51 21 62 21
53 29 61 29
53 46 63 46
53 49 64 49
53 51 61 51
53 63 63 63
53 71 61 71
53 85 61 85
51 96 62 96
53 110 63 110
52 127 62 127
53 137 60 137
53 151 63 151
53 158 57 159
53 168 63 168
53 177 57 178
53 183 64 183
53 196 63 196
53 203 62 203
53 209 64 209
53 213 60 213
53 238 63 238
53 243 64 243
54 0 64 0
54 8 61 8
54 15 65 15
54 43 62 43
54 44 64 44
54 47 63 47
54 60 62 60
54 61 62 61
54 66 59 67
54 69 64 69
53 70 64 70
54 83 65 83
54 95 65 95
54 116 64 116
54 118 57 119
53 139 64 139
54 163 62 163
54 179 65 179
54 191 64 191
54 224 63 224
53 226 63 226
54 233 63 233
54 240 65 240
54 241 61 241
54 248 62 248
55 25 63 25
55 28 64 28
55 35 58 36
55 41 60 42
55 81 66 81
55 90 64 90
55 91 59 92
55 98 66 98
55 100 59 101
55 105 64 105
55 131 57 133
55 136 62 136
55 138 66 138
55 141 57 143
55 147 66 147
55 172 62 172
55 201 63 201
55 202 62 202
55 206 64 206
55 211 65 211
55 230 66 230
55 242 64 242
56 5 67 5
56 20 65 20
56 39 66 39
55 40 64 40
56 55 64 55
56 93 64 93
56 108 67 108
56 153 66 153
56 154 67 154
56 167 67 167
56 175 65 175
56 185 65 185
56 190 67 190
56 195 65 195
56 198 67 198
55 200 62 200
56 219 66 219
56 220 66 220
56 221 67 221
56 222 67 222
55 244 59 245
56 246 65 246
56 4 67 4
57 26 61 27
57 31 65 31
57 34 68 34
57 37 68 37
57 50 66 50
57 57 68 57
57 76 67 76
57 114 66 114
57 123 61 124
57 128 68 128
54 149 61 149
57 155 61 156
56 174 65 174
56 189 66 189
57 215 67 215
57 223 65 223
55 7 62 7
58 12 61 13
58 17 61 18
58 62 69 62
57 68 67 68
58 74 69 74
57 87 64 87
58 118 62 119
58 122 69 122
58 132 63 133
58 134 62 135
58 141 61 143
58 157 67 157
58 158 61 159
56 161 65 161
58 162 68 162
58 176 60 178
58 187 69 187
57 214 66 214
58 217 66 217
57 229 68 229
58 231 68 231
59 9 68 9
59 19 67 19
59 33 70 33
59 36 66 36
59 53 70 53
59 64 70 64
59 72 68 72
59 73 70 73
59 75 68 75
59 80 67 80
59 84 70 84
59 94 68 94
59 99 67 99
59 104 68 104
59 106 69 106
58 121 69 121
59 130 68 130
58 131 68 131
59 140 69 140
59 144 67 144
59 145 67 145
59 164 70 164
59 169 69 169
58 181 66 181
59 192 64 193
59 232 67 232
58 235 69 235
60 2 67 2
60 14 67 14
60 16 71 16
60 48 68 48
59 56 66 56
60 67 71 67
60 78 70 78
60 91 68 91
60 97 69 97
60 100 64 101
59 103 70 103
60 111 68 111
60 113 69 113
60 165 71 165
59 186 66 186
60 194 68 194
60 204 68 204
60 212 69 212
60 227 65 228
60 245 69 245
61 1 72 1
61 10 64 11
61 41 72 41
61 42 69 42
61 59 72 59
61 65 64 66
60 92 71 92
61 112 71 112
61 125 72 125
61 137 70 137
61 150 72 150
61 171 70 171
61 176 71 176
61 177 72 177
61 180 69 180
61 184 68 184
60 205 69 205
61 213 68 213
60 216 67 216
61 225 68 225
61 234 69 234
60 244 68 244
62 8 72 8
62 12 66 13
62 17 67 18
62 26 71 26
62 29 69 29
62 32 73 32
62 71 70 71
62 82 70 82
62 86 71 86
62 109 72 109
62 123 65 124
62 142 70 142
62 148 73 148
62 149 69 149
62 155 66 156
62 158 64 160
62 173 72 173
61 178 70 178
62 241 72 241
62 247 72 247
62 249 71 249
62 3 73 3
63 7 71 7
63 21 68 22
63 24 74 24
63 51 74 51
63 60 68 61
61 79 70 79
63 85 74 85
63 88 74 88
63 89 72 89
62 102 70 102
63 117 64 120
63 126 70 126
63 127 70 127
63 134 68 135
63 136 74 136
62 141 71 141
62 143 73 143
63 146 73 146
63 163 70 163
63 172 72 172
60 199 69 199
63 200 74 200
63 202 72 202
63 203 70 203
63 208 74 208
63 248 73 248
64 25 74 25
64 30 75 30
64 45 68 46
64 47 74 47
64 58 75 58
64 63 71 63
64 107 73 107
64 110 75 110
64 129 74 129
64 151 71 151
61 152 70 152
63 166 74 166
64 168 74 168
64 188 75 188
64 196 69 197
63 210 71 210
64 218 73 218
64 224 73 224
64 226 73 226
64 237 69 238
65 0 75 0
65 10 70 11
65 28 74 28
61 35 72 35
61 38 72 38
65 40 76 40
65 44 76 44
65 49 76 49
65 54 69 55
65 66 76 66
65 69 73 69
65 70 76 70
65 87 76 87
65 90 76 90
65 93 72 93
65 96 76 96
65 100 70 101
65 115 68 117
65 118 73 118
65 119 69 120
64 133 75 133
65 139 76 139
65 158 73 158
65 160 72 160
65 182 70 183
65 191 75 191
65 193 73 193
65 206 75 206
65 233 76 233
65 242 72 242
66 6 77 6
66 20 73 20
66 31 75 31
66 83 77 83
66 124 75 124
65 159 75 159
66 161 73 161
66 174 71 175
66 195 74 195
66 209 77 209
66 211 75 211
66 223 77 223
66 228 75 228
65 243 74 243
67 12 75 12
67 36 76 36
67 39 74 39
67 50 74 50
67 52 78 52
67 56 76 56
67 77 78 77
66 95 76 95
67 98 78 98
67 114 76 114
66 123 73 123
64 132 73 132
67 138 78 138
67 153 75 153
67 155 72 156
67 170 78 170
66 179 77 179
67 181 75 181
67 186 75 186
62 207 71 207
67 214 78 214
67 217 77 217
67 219 70 220
66 227 73 227
67 230 75 230
67 236 78 236
68 2 75 2
68 4 72 5
68 14 72 15
68 17 79 17
68 18 75 18
68 19 79 19
68 68 75 68
68 80 72 81
68 105 79 105
68 144 77 144
68 145 78 145
67 147 74 147
68 157 78 157
68 167 77 167
68 189 73 190
68 198 79 198
68 215 79 215
68 216 79 216
68 221 72 222
68 232 79 232
68 239 73 240
68 246 79 246
69 9 77 9
69 22 73 23
69 34 79 34
69 37 78 37
69 45 80 45
69 48 79 48
69 60 73 61
69 72 77 72
69 75 80 75
69 91 77 91
69 94 79 94
69 111 79 111
69 115 71 117
69 130 72 131
69 134 72 135
69 154 80 154
69 184 77 184
69 194 76 194
69 204 76 204
69 213 76 213
69 225 80 225
69 229 78 229
69 231 78 231
70 29 81 29
70 42 75 43
70 54 75 55
69 57 79 57
70 65 81 65
70 97 80 97
70 104 81 104
70 106 77 106
70 113 78 113
70 121 75 122
70 140 81 140
70 149 78 149
70 169 77 169
70 180 78 180
70 185 81 185
70 187 78 187
70 196 75 197
70 205 78 205
70 212 78 212
70 234 79 234
70 235 79 235
70 237 79 237
70 238 79 238
70 244 73 245
71 10 78 10
71 11 78 11
71 13 82 13
71 46 82 46
70 62 77 62
71 71 80 71
71 73 81 73
71 74 82 74
71 78 79 78
71 79 81 79
71 82 80 82
71 99 76 100
71 101 76 102
71 103 81 103
71 126 82 126
71 127 81 127
71 137 82 137
71 142 79 142
71 152 80 152
71 162 73 164
71 171 82 171
71 178 82 178
71 183 78 183
65 192 76 192
71 203 79 203
71 219 75 220
72 7 83 7
72 16 81 16
71 33 80 33
72 63 83 63
71 64 78 64
72 86 79 86
72 92 80 92
72 112 81 112
72 116 82 116
72 141 83 141
72 151 81 151
72 165 83 165
72 175 75 176
72 207 81 207
72 210 83 210
72 249 80 249
73 1 84 1
73 4 82 4
73 5 80 5
73 8 84 8
73 14 78 15
69 21 80 21
73 35 83 35
73 59 80 59
73 80 77 81
71 84 79 84
73 89 81 89
73 93 80 93
73 108 77 109
73 125 83 125
70 128 81 128
73 130 77 131
73 134 83 134
73 160 84 160
73 172 82 172
73 173 80 173
73 201 78 202
73 221 78 222
73 241 78 242
73 247 82 247
74 3 81 3
74 22 82 22
74 23 84 23
74 26 85 26
74 27 85 27
73 41 84 41
71 53 79 53
74 60 79 61
74 69 81 69
74 107 84 107
72 115 83 115
74 118 83 118
74 123 83 123
74 132 85 132
73 135 83 135
74 143 85 143
74 146 85 146
73 150 82 150
74 155 79 156
74 158 82 158
74 161 83 161
74 162 76 164
72 174 80 174
74 193 83 193
74 218 82 218
74 224 85 224
74 226 84 226
74 227 82 227
74 244 85 244
74 245 85 245
74 248 84 248
75 24 78 25
75 28 84 28
75 38 86 38
75 39 86 39
75 47 86 47
75 50 86 50
75 51 84 51
75 85 86 85
75 119 86 119
75 129 86 129
75 147 82 147
75 166 84 166
75 168 85 168
75 189 80 190
75 208 84 208
75 239 86 239
75 243 86 243
76 0 85 0
76 2 87 2
76 18 84 18
76 31 84 31
76 42 80 43
76 54 86 54
76 67 81 68
76 121 87 121
76 122 87 122
76 124 84 124
76 133 85 133
75 136 83 136
74 148 83 148
76 153 84 153
76 159 87 159
76 175 85 175
76 176 84 176
76 181 86 181
76 188 84 188
76 191 87 191
76 195 78 197
75 199 78 200
76 206 85 206
76 211 87 211
76 219 79 220
76 228 84 228
77 20 88 20
77 36 86 36
77 40 85 40
77 49 87 49
77 55 81 56
77 66 85 66
77 90 85 90
77 95 81 96
77 99 84 99
77 101 87 101
77 102 88 102
77 114 84 114
77 162 84 162
77 163 80 164
73 177 84 177
77 192 88 192
77 204 84 204
77 213 88 213
77 230 88 230
77 233 88 233
78 6 85 6
78 9 86 9
78 44 89 44
76 58 83 58
78 62 88 62
78 72 89 72
78 80 83 81
78 83 89 83
78 87 83 88
78 91 89 91
77 100 86 100
78 106 87 106
78 108 85 108
78 109 87 109
78 130 89 130
78 131 87 131
78 144 89 144
78 167 86 167
78 169 89 169
78 179 86 179
78 184 87 184
78 217 86 217
79 10 83 11
79 14 88 14
79 24 87 24
76 30 83 30
79 37 88 37
79 52 89 52
79 64 89 64
76 110 87 110
79 117 90 117
79 138 86 138
79 139 90 139
79 145 87 145
79 149 89 149
79 157 86 157
79 170 86 170
79 180 89 180
79 183 90 183
79 187 88 187
79 197 87 197
79 199 89 199
79 200 83 201
79 202 90 202
78 209 87 209
79 212 86 212
78 223 87 223
79 229 87 229
79 231 86 231
79 241 82 242
80 17 87 17
80 34 91 34
80 48 89 48
80 57 91 57
80 76 91 76
80 77 84 78
80 84 88 84
80 94 88 94
80 111 88 111
80 113 91 113
80 142 90 142
80 155 83 156
80 203 89 203
80 219 84 220
79 221 83 222
80 232 89 232
80 234 84 235
79 236 86 236
80 237 88 237
80 238 89 238
80 240 91 240
81 5 90 5
81 21 89 21
81 33 90 33
81 43 92 43
81 53 92 53
81 59 83 61
81 70 86 71
81 82 91 82
81 86 92 86
81 92 89 92
81 93 89 93
81 97 92 97
80 105 91 105
81 152 92 152
81 154 88 154
81 163 92 163
81 164 91 164
81 173 90 173
81 174 90 174
81 182 92 182
81 189 92 189
81 190 92 190
81 194 92 194
80 198 87 198
80 214 82 216
81 225 90 225
81 246 92 246
81 249 92 249
82 15 86 16
79 25 87 25
81 42 91 42
82 55 86 56
82 67 93 67
82 68 86 69
82 73 92 73
81 75 90 75
82 79 90 79
82 89 91 89
82 95 92 95
82 96 93 96
82 103 92 103
82 112 92 112
82 127 93 127
82 128 91 128
82 151 90 151
82 205 93 205
83 3 86 4
83 12 94 12
83 22 90 22
82 29 91 29
83 46 94 46
82 104 92 104
83 116 94 116
83 147 92 147
83 150 94 150
83 158 94 158
83 171 86 172
83 178 93 178
83 195 94 195
83 214 94 214
83 227 91 227
83 241 86 242
83 247 93 247
84 10 88 11
80 19 89 19
84 30 92 30
84 35 91 35
84 45 95 45
84 58 88 59
84 60 91 60
84 61 93 61
84 63 92 63
84 88 92 88
84 115 93 115
84 118 91 118
84 123 91 123
83 126 94 126
84 134 92 134
84 135 94 135
84 136 88 137
82 140 90 140
84 148 95 148
84 156 93 156
84 161 94 161
84 165 91 165
84 193 95 193
84 200 93 200
84 201 93 201
83 207 94 207
84 210 95 210
84 215 89 216
84 221 93 221
85 1 92 1
84 7 94 7
85 8 95 8
85 13 96 13
85 18 96 18
85 23 95 23
85 28 94 28
85 31 95 31
85 51 92 51
82 65 92 65
84 74 95 74
85 78 93 78
84 87 91 87
80 98 91 98
85 99 96 99
85 107 93 107
85 114 94 114
85 120 96 120
85 124 96 124
85 153 96 153
85 160 96 160
85 162 92 162
85 166 92 166
85 176 94 176
85 177 93 177
85 188 96 188
85 208 96 208
85 219 93 219
85 226 94 226
85 228 96 228
85 234 96 234
86 0 93 0
86 6 96 6
86 26 91 27
86 40 95 40
86 66 94 66
86 81 97 81
86 90 97 90
86 108 96 108
86 132 90 133
84 141 95 141
84 155 94 155
86 168 95 168
86 206 94 206
86 218 97 218
84 222 94 222
86 244 90 245
86 248 97 248
87 4 96 4
87 9 96 9
87 15 91 16
87 32 98 32
87 36 95 36
87 41 98 41
87 50 96 50
87 54 94 54
87 55 98 55
87 56 94 56
87 69 98 69
85 77 94 77
87 100 98 100
87 119 95 119
87 129 94 129
87 138 98 138
87 157 94 157
87 170 90 171
87 172 98 172
87 181 98 181
79 186 90 186
87 212 98 212
87 217 95 217
87 231 97 231
85 235 94 235
87 236 95 236
87 241 89 243
88 2 93 3
88 17 99 17
88 24 93 25
88 38 93 39
87 47 94 47
88 49 98 49
87 70 90 71
88 106 99 106
88 109 96 109
88 125 99 125
88 131 99 131
88 145 99 145
88 159 97 159
88 184 93 185
88 191 98 191
88 196 91 198
88 209 99 209
88 223 96 223
88 229 98 229
87 239 98 239
89 10 93 11
89 14 99 14
89 20 99 20
89 37 99 37
89 59 97 59
89 62 99 62
89 84 92 85
89 102 99 102
88 121 92 122
89 136 93 137
86 143 95 143
89 154 99 154
88 179 99 179
89 187 100 187
89 192 98 192
89 237 97 237
90 19 99 19
90 48 101 48
90 52 98 52
90 64 101 64
90 68 101 68
84 80 94 80
90 83 99 83
90 91 98 91
90 92 100 92
90 93 97 93
90 111 101 111
90 144 101 144
90 149 101 149
90 169 101 169
90 180 98 180
90 199 101 199
90 203 94 204
89 213 97 213
90 216 101 216
89 230 98 230
90 232 101 232
90 238 98 238
90 241 101 241
91 5 99 5
91 21 96 22
91 33 100 33
91 70 95 71
90 72 99 72
91 75 101 75
91 79 101 79
91 117 101 117
90 130 99 130
91 132 100 132
91 140 101 140
91 142 102 142
91 151 102 151
91 170 94 171
91 173 95 174
91 175 102 175
91 183 102 183
91 186 98 186
91 215 102 215
91 225 99 225
89 233 97 233
90 242 98 242
90 243 101 243
91 244 101 244
91 245 99 245
92 26 101 26
92 27 99 27
92 29 102 29
92 35 101 35
92 42 101 42
92 57 95 58
92 60 101 60
92 76 103 76
92 82 101 82
92 87 101 87
92 89 99 89
92 98 101 98
92 101 103 101
92 105 100 105
92 118 100 118
92 123 101 123
92 128 100 128
91 139 100 139
92 146 103 146
92 164 99 164
92 165 103 165
92 196 94 198
91 202 100 202
92 227 100 227
93 1 100 1
93 15 98 16
93 30 101 30
93 34 104 34
93 51 103 51
93 63 104 63
93 65 103 65
93 73 101 73
93 84 95 86
93 88 104 88
93 95 104 95
93 97 103 97
93 103 104 103
93 104 103 104
93 112 97 113
93 121 97 122
93 133 98 134
93 147 102 147
93 162 101 162
93 166 98 167
93 182 103 182
93 189 102 189
93 190 104 190
92 240 102 240
94 3 105 3
94 11 104 11
94 25 105 25
94 39 101 39
93 43 98 44
94 61 103 61
94 78 102 78
94 107 103 107
94 115 104 115
94 127 104 127
94 136 99 137
94 152 105 152
94 177 97 178
94 200 104 200
94 201 105 201
94 219 105 219
94 220 105 220
94 247 104 247
94 2 105 2
95 7 106 7
94 10 102 10
95 12 104 12
95 46 98 47
93 53 103 53
95 54 106 54
95 56 103 56
95 66 100 67
95 77 103 77
95 80 105 80
94 96 102 96
95 110 106 110
95 116 105 116
95 126 105 126
95 129 106 129
95 135 103 135
95 155 105 155
95 156 97 158
95 161 104 161
95 170 100 171
95 176 105 176
95 185 106 185
93 194 101 194
95 196 97 198
95 203 97 205
95 206 99 207
88 211 99 211
95 221 99 222
94 224 105 224
95 226 105 226
95 235 104 235
94 246 105 246
93 249 101 249
96 8 107 8
96 23 104 23
96 31 107 31
96 36 103 36
96 40 105 40
96 45 103 45
96 58 107 58
96 74 106 74
96 85 105 85
96 86 106 86
96 119 107 119
96 141 105 141
96 143 105 143
95 150 106 150
96 168 103 168
96 174 103 174
96 193 105 193
95 195 102 195
96 236 105 236
97 4 105 4
97 6 106 6
97 9 106 9
97 13 108 13
97 38 108 38
97 50 108 50
96 57 107 57
97 70 108 70
97 71 108 71
96 84 104 84
94 94 105 94
97 108 104 108
97 184 108 184
97 188 107 188
95 214 106 214
97 228 106 228
97 21 102 22
98 24 109 24
98 59 108 59
98 93 107 93
98 109 109 109
98 112 103 113
98 120 100 122
98 156 101 158
98 159 101 160
98 177 109 177
98 197 107 197
98 198 108 198
98 203 106 203
98 204 108 204
98 205 108 205
98 218 109 218
98 223 109 223
98 231 105 231
98 233 107 233
97 234 105 234
99 32 109 32
99 43 106 43
99 44 107 44
99 46 102 47
99 49 106 49
99 52 108 52
99 69 110 69
99 81 110 81
99 90 104 91
99 99 103 100
99 134 107 134
99 138 110 138
99 166 110 166
99 167 110 167
99 172 109 172
99 180 110 180
99 186 110 186
99 191 106 191
99 192 110 192
98 196 109 196
99 212 102 213
99 229 102 230
99 237 103 238
99 239 110 239
100 0 111 0
100 5 108 5
100 14 101 18
100 19 110 19
100 27 108 27
100 28 111 28
100 37 111 37
100 55 111 55
100 62 111 62
100 72 108 72
100 83 110 83
100 89 111 89
100 102 108 102
100 106 110 106
97 124 108 124
100 125 108 125
100 130 104 131
99 133 110 133
100 145 111 145
99 153 110 153
100 154 108 154
100 164 111 164
100 173 111 173
98 178 105 178
100 179 110 179
100 206 103 208
100 209 108 209
100 210 104 211
100 222 110 222
100 225 108 225
100 242 111 242
100 245 111 245
101 1 110 1
101 33 109 33
99 41 107 41
101 92 110 92
101 105 109 105
101 114 112 114
101 120 104 122
101 128 110 128
101 132 108 132
100 136 104 137
99 181 109 181
101 202 109 202
101 227 109 227
98 248 108 248
102 14 107 15
102 17 107 18
102 20 113 20
102 26 112 26
102 30 113 30
102 35 112 35
102 39 109 39
102 42 112 42
102 48 112 48
102 66 113 66
102 68 111 68
102 73 111 73
102 75 111 75
102 79 110 79
102 82 111 82
102 87 109 87
102 98 113 98
102 111 110 111
102 117 113 117
102 123 112 123
102 139 107 140
102 144 112 144
102 148 105 149
102 156 110 156
102 157 104 159
102 162 107 163
101 170 104 171
102 194 111 194
102 216 106 217
102 243 110 243
102 244 111 244
103 22 111 22
103 46 108 47
103 64 114 64
103 78 113 78
103 96 114 96
103 147 112 147
103 151 114 151
101 187 109 187
103 189 112 189
103 195 112 195
102 199 111 199
103 212 110 212
103 215 110 215
103 221 114 221
103 229 108 230
103 240 110 240
102 241 111 241
102 16 110 16
104 36 115 36
104 45 114 45
104 53 111 53
104 56 112 56
104 60 108 61
104 65 115 65
104 76 114 76
104 77 113 77
104 97 115 97
104 99 108 100
104 101 114 101
104 112 107 113
104 135 115 135
104 146 112 146
104 160 115 160
104 168 111 168
104 174 113 174
104 182 108 183
104 206 106 208
104 237 107 238
105 11 116 11
105 12 116 12
103 21 112 21
105 23 114 23
105 63 114 63
105 84 112 84
105 91 112 91
105 95 114 95
105 107 116 107
105 108 116 108
105 115 112 115
105 120 108 121
105 122 112 122
105 127 116 127
105 130 116 130
105 131 114 131
105 136 114 136
105 157 113 157
105 161 112 161
105 169 110 170
105 171 116 171
105 200 116 200
105 210 110 211
105 235 115 235
105 247 116 247
106 2 115 2
106 4 115 4
105 34 113 34
106 40 115 40
106 51 117 51
106 80 113 80
106 85 114 85
105 88 113 88
106 94 115 94
106 104 117 104
106 116 116 116
106 141 111 142
106 143 116 143
106 149 115 149
106 152 114 152
105 158 115 158
105 165 116 165
106 175 109 176
106 193 114 193
106 201 114 201
106 219 117 219
106 224 116 224
106 226 113 226
106 231 115 231
106 236 115 236
106 246 117 246
106 3 114 3
107 6 114 6
107 7 115 7
107 9 111 10
107 25 118 25
107 43 115 43
107 54 117 54
106 67 117 67
107 86 115 86
107 118 118 118
107 129 118 129
105 137 113 137
107 178 118 178
107 190 118 190
107 191 118 191
107 203 117 203
107 206 110 208
107 214 117 214
107 217 118 217
106 220 115 220
107 228 115 228
108 41 116 41
108 44 117 44
108 57 112 58
108 74 119 74
108 112 115 112
108 119 115 119
108 134 118 134
108 139 111 140
108 159 119 159
108 162 116 162
108 163 117 163
107 185 116 185
108 188 117 188
108 197 119 197
108 213 119 213
108 233 113 234
108 237 116 237
108 249 119 249
109 5 116 5
109 13 118 13
108 14 112 15
109 27 118 27
108 31 119 31
109 52 117 52
109 59 120 59
109 60 113 61
109 70 114 71
109 72 117 72
109 93 120 93
109 99 113 100
109 102 117 102
109 103 120 103
109 113 120 113
109 121 120 121
109 124 117 124
109 125 113 126
109 132 117 132
109 154 113 155
109 182 118 182
109 183 116 183
109 184 118 184
109 198 118 198
109 204 113 205
109 209 117 209
109 225 118 225
109 229 112 230
109 248 119 248
108 17 115 17
110 32 117 32
110 33 119 33
110 39 119 39
109 46 118 46
110 49 121 49
109 50 118 50
110 87 118 87
110 105 118 105
110 109 115 110
109 120 119 120
110 172 118 172
110 175 121 175
110 176 118 176
110 181 120 181
110 187 118 187
110 196 120 196
110 202 121 202
110 223 118 223
110 227 120 227
111 1 120 1
111 19 120 19
110 24 118 24
111 83 118 83
111 92 122 92
111 106 120 106
111 111 120 111
111 128 122 128
111 133 121 133
111 138 121 138
110 148 121 148
110 150 121 150
111 153 121 153
111 156 119 156
111 166 119 166
111 167 119 167
111 169 118 169
111 179 115 180
111 186 119 186
111 192 122 192
111 206 120 206
111 207 119 207
111 208 120 208
111 210 118 210
111 211 120 211
111 212 121 212
111 215 116 216
111 218 122 218
111 222 119 222
111 238 116 239
111 240 122 240
111 243 119 243
112 8 114 10
108 18 117 18
112 22 120 22
112 37 121 37
112 53 122 53
112 55 122 55
112 62 123 62
112 68 121 68
112 75 123 75
112 82 123 82
112 140 121 140
112 164 121 164
112 168 122 168
112 194 123 194
112 199 122 199
112 241 121 241
112 242 120 242
112 244 116 245
113 14 122 14
113 21 122 21
113 26 120 26
112 28 116 29
113 35 120 35
109 38 120 38
113 42 121 42
109 47 116 47
113 48 122 48
113 56 121 56
113 57 118 58
112 69 123 69
112 81 123 81
113 84 124 84
113 89 118 90
113 114 122 114
113 115 121 115
113 122 116 123
112 139 122 139
113 144 124 144
112 145 121 145
113 146 121 146
113 147 123 147
113 161 120 161
111 170 122 170
112 173 120 173
113 189 124 189
113 195 123 195
113 229 116 230
112 0 123 0
113 15 116 16
114 30 124 30
114 34 123 34
114 60 117 61
114 77 119 78
114 80 125 80
114 88 123 88
114 98 121 98
114 99 125 99
114 125 125 125
114 126 125 126
114 137 123 137
114 141 125 141
114 154 125 154
114 155 123 155
114 157 122 157
114 174 125 174
114 204 125 204
114 226 121 226
115 3 123 3
115 9 123 9
114 20 124 20
115 23 126 23
115 45 123 45
115 63 126 63
115 71 124 71
115 73 126 73
115 76 123 76
115 85 125 85
115 91 126 91
115 95 123 95
115 96 126 96
114 100 124 100
115 101 123 101
115 131 124 131
115 136 122 136
115 142 126 142
115 152 123 152
114 177 125 177
115 193 123 193
115 201 125 201
114 205 121 205
110 232 121 232
114 234 124 234
116 2 124 2
116 4 127 4
116 6 120 7
115 8 123 8
115 10 123 10
116 17 127 17
116 40 127 40
116 43 126 43
114 66 124 66
116 94 123 94
116 109 127 109
116 112 125 112
114 117 123 117
116 119 124 119
116 135 125 135
116 149 127 149
116 158 126 158
116 160 123 160
116 179 125 179
116 180 126 180
116 220 121 221
116 228 125 228
116 231 123 231
114 233 124 233
116 235 123 235
116 236 127 236
117 5 126 5
117 15 128 15
117 16 128 16
117 28 127 28
117 36 128 36
117 41 127 41
117 47 125 47
117 64 128 64
117 65 128 65
117 86 128 86
117 107 120 108
116 110 125 110
117 116 128 116
117 122 121 123
117 127 128 127
117 130 128 130
117 143 125 143
117 162 124 162
117 165 127 165
117 171 128 171
117 183 125 183
117 185 124 185
117 224 124 224
117 229 128 229
117 230 126 230
117 237 126 237
117 244 125 244
117 247 128 247
118 18 125 18
117 29 126 29
118 44 125 44
118 51 127 51
118 52 129 52
118 54 129 54
118 60 128 60
118 67 127 67
118 79 129 79
118 102 129 102
118 104 125 104
118 124 128 124
118 132 127 132
115 151 122 151
118 163 125 163
118 188 126 188
118 203 128 203
118 209 129 209
118 214 121 216
118 219 127 219
117 238 125 238
117 239 127 239
118 245 121 246
118 11 123 12
119 24 130 24
119 25 130 25
119 27 130 27
119 46 128 46
119 50 128 50
119 72 130 72
119 83 129 83
119 87 127 87
119 89 122 90
116 97 127 97
119 129 126 129
119 134 126 134
119 176 126 176
119 178 129 178
119 182 129 182
119 187 128 187
119 190 130 190
119 198 127 198
119 210 127 210
119 217 129 217
119 223 128 223
119 225 127 225
120 31 128 31
120 39 130 39
119 57 122 58
120 61 131 61
120 77 124 78
120 120 127 120
120 156 130 156
120 167 128 167
120 186 131 186
119 191 128 191
120 207 130 207
120 222 131 222
120 243 130 243
120 248 125 249
121 1 131 1
121 6 124 7
121 13 132 13
121 19 132 19
121 26 131 26
121 35 130 35
121 38 130 38
121 74 132 74
121 93 132 93
121 103 132 103
121 106 129 106
121 107 129 107
121 111 131 111
121 113 132 113
119 118 126 118
120 159 129 159
121 161 129 161
121 172 125 173
121 181 130 181
121 196 132 196
117 200 127 200
121 206 128 206
121 208 131 208
121 211 131 211
120 213 130 213
121 227 130 227
121 242 129 242
122 37 132 37
122 42 133 42
122 49 129 49
122 56 133 56
121 59 129 59
122 70 133 70
122 98 130 98
121 105 132 105
121 108 130 108
122 115 133 115
122 121 133 121
122 122 131 122
122 133 133 133
122 138 130 138
122 140 133 140
122 145 129 145
122 146 131 146
122 148 133 148
122 150 129 150
122 164 131 164
122 202 132 202
122 205 133 205
122 212 132 212
122 214 124 216
122 220 132 220
122 221 129 221
122 226 132 226
122 232 131 232
122 241 133 241
122 245 125 246
123 14 132 14
123 21 133 21
123 32 134 32
123 48 134 48
123 53 134 53
123 55 131 55
123 57 130 57
123 58 134 58
123 89 134 89
123 114 134 114
123 136 131 136
123 139 131 139
123 151 134 151
123 157 132 157
123 168 130 168
123 169 127 170
123 192 134 192
123 199 131 199
123 218 131 218
123 240 132 240
124 3 133 3
124 8 135 8
124 9 126 11
124 34 135 34
124 45 132 45
124 68 128 69
124 75 133 75
124 76 134 76
124 81 129 82
124 88 135 88
124 94 134 94
124 95 134 95
124 101 135 101
124 117 135 117
122 123 133 123
124 137 132 137
124 147 135 147
124 152 132 152
124 155 133 155
124 160 135 160
124 193 128 194
124 195 134 195
124 231 135 231
124 235 133 235
125 2 134 2
125 7 133 7
125 20 133 20
125 30 134 30
124 62 132 62
125 71 134 71
125 78 136 78
123 90 133 90
123 92 134 92
125 100 135 100
125 119 136 119
125 131 134 131
125 144 136 144
125 153 136 153
125 162 136 162
125 166 136 166
125 185 136 185
125 189 132 189
125 197 136 197
125 215 128 216
125 224 132 224
125 233 132 233
125 234 135 234
126 18 134 18
126 44 137 44
126 47 135 47
126 80 133 80
125 84 134 84
126 85 134 85
126 104 135 104
126 112 136 112
126 125 134 125
126 126 134 126
126 135 136 135
126 141 135 141
126 143 135 143
126 172 137 172
126 173 129 174
122 175 130 175
126 177 134 177
126 179 134 179
126 183 133 183
126 201 136 201
125 214 135 214
126 228 133 228
126 238 134 238
126 244 128 246
126 248 137 248
126 249 134 249
127 0 138 0
127 5 135 5
127 9 131 10
127 11 132 12
124 22 135 22
127 29 137 29
127 43 138 43
127 63 138 63
127 96 134 96
127 118 137 118
124 128 135 128
127 129 134 129
127 134 138 134
127 142 138 142
126 154 135 154
127 158 137 158
127 176 137 176
127 180 134 180
127 188 138 188
126 204 136 204
127 230 137 230
127 23 136 23
128 28 137 28
128 40 132 41
128 51 135 51
128 67 139 67
128 87 139 87
128 97 136 97
126 99 135 99
128 109 137 109
128 120 139 120
128 132 135 132
128 170 139 170
128 198 139 198
128 200 135 200
128 210 138 210
128 219 138 219
128 225 136 225
128 239 135 239
128 4 136 4
129 15 132 17
129 31 136 31
129 46 140 46
129 50 140 50
129 60 137 60
129 64 134 65
129 68 134 69
129 86 136 86
127 91 135 91
129 116 137 116
129 124 140 124
129 130 139 130
129 165 140 165
129 167 136 167
128 169 137 169
129 171 137 171
129 184 140 184
129 187 136 187
129 191 140 191
129 193 134 194
129 203 139 203
129 206 140 206
129 215 132 216
129 223 140 223
128 236 133 237
129 244 133 245
129 246 137 246
130 6 141 6
129 36 136 36
130 49 141 49
130 59 138 59
130 102 138 102
130 106 134 107
130 145 140 145
130 150 141 150
130 159 139 159
130 161 137 161
130 173 135 174
130 178 141 178
130 182 139 182
130 209 141 209
130 217 139 217
130 221 139 221
129 247 136 247
131 24 142 24
131 25 139 25
131 35 140 35
131 38 134 39
131 52 142 52
130 54 140 54
131 57 142 57
131 66 142 66
130 82 138 82
131 98 140 98
131 108 142 108
131 127 142 127
131 138 142 138
131 156 142 156
131 168 138 168
131 175 142 175
131 181 140 181
131 207 139 207
131 213 141 213
131 227 141 227
129 229 138 229
131 242 142 242
131 243 141 243
132 9 139 9
132 10 142 10
132 26 135 27
132 55 142 55
130 73 141 73
132 79 143 79
132 122 140 122
132 136 143 136
132 139 141 139
132 146 140 146
132 163 143 163
132 164 140 164
132 199 142 199
132 208 139 208
132 211 139 211
132 218 141 218
133 13 144 13
133 14 135 16
133 17 144 17
133 37 141 37
133 40 143 40
133 45 143 45
133 61 136 62
131 72 141 72
133 74 140 74
133 83 144 83
133 103 140 103
133 105 143 105
133 137 140 137
128 149 139 149
133 152 144 152
133 157 141 157
132 186 139 186
133 189 144 189
133 202 140 202
133 215 137 216
133 220 143 220
133 224 144 224
133 226 142 226
133 232 137 233
133 240 142 240
134 1 145 1
134 7 141 7
133 11 138 12
133 19 140 19
134 20 143 20
134 41 139 42
134 56 141 56
134 70 144 70
134 75 141 75
134 77 145 77
134 80 145 80
134 90 145 90
134 93 145 93
134 110 139 111
134 115 144 115
134 121 145 121
134 123 145 123
134 148 145 148
134 155 144 155
134 183 142 183
131 190 138 190
134 222 145 222
134 228 145 228
134 235 141 235
134 236 144 236
134 241 142 241
134 244 144 244
135 2 146 2
135 18 143 18
135 30 146 30
135 38 145 38
135 39 145 39
135 65 144 65
135 68 145 68
135 71 146 71
135 84 139 85
135 89 144 89
135 92 146 92
135 94 145 94
135 95 145 95
135 96 146 96
135 106 144 106
135 113 139 114
135 125 142 125
135 126 146 126
135 129 146 129
135 131 142 131
134 140 142 140
135 151 145 151
135 179 143 179
135 180 143 180
135 192 137 194
135 195 146 195
135 212 146 212
135 237 140 238
135 249 143 249
136 3 147 3
136 14 146 14
136 15 147 15
136 16 143 16
136 22 145 22
136 26 145 26
135 48 144 48
136 51 144 51
135 64 144 64
135 69 143 69
136 99 140 100
136 104 147 104
136 117 144 117
136 128 144 128
136 132 143 132
134 133 141 133
136 141 143 141
136 143 146 143
136 147 144 147
136 154 143 154
136 173 139 174
136 177 147 177
133 196 140 196
136 200 146 200
136 214 144 214
136 234 146 234
136 239 144 239
137 4 144 4
136 8 147 8
137 21 148 21
137 23 148 23
137 27 148 27
137 31 147 31
136 34 143 34
137 36 146 36
137 47 148 47
137 53 148 53
135 58 146 58
137 61 148 61
137 62 146 62
137 86 146 86
137 97 147 97
136 101 147 101
137 112 147 112
137 119 147 119
137 135 145 135
137 160 148 160
137 166 142 167
137 187 147 187
137 201 146 201
137 204 147 204
137 225 146 225
137 247 145 247
138 28 143 29
138 32 149 32
138 60 145 60
136 88 147 88
138 109 148 109
138 116 149 116
138 118 148 118
138 161 147 161
138 162 149 162
138 171 147 171
138 172 148 172
138 176 149 176
138 192 145 192
138 193 149 193
138 194 148 194
135 205 146 205
138 215 145 215
138 216 149 216
138 230 146 230
138 231 140 233
138 246 146 246
139 11 148 11
139 43 150 43
138 44 149 44
139 59 146 59
139 63 148 63
139 78 150 78
139 82 150 82
139 102 150 102
135 107 146 107
139 142 150 142
137 153 147 153
139 168 149 168
139 188 150 188
139 190 148 190
139 210 148 210
139 219 149 219
139 229 149 229
138 248 146 248
140 9 151 9
139 12 150 12
140 41 147 41
140 67 151 67
140 84 149 84
140 85 148 85
140 87 151 87
140 114 148 114
140 120 151 120
140 130 150 130
137 144 144 144
140 159 151 159
140 173 145 174
140 182 149 182
139 185 150 185
140 186 151 186
140 198 150 198
140 203 149 203
140 208 148 208
140 211 150 211
140 217 149 217
140 221 150 221
139 0 149 0
141 25 152 25
140 42 147 42
141 54 148 54
141 74 149 74
141 98 146 99
141 100 151 100
141 103 150 103
141 111 152 111
140 113 149 113
141 122 150 122
139 134 148 134
141 137 148 137
141 145 152 145
141 164 145 165
140 170 151 170
141 191 152 191
141 196 150 196
141 202 152 202
141 206 145 207
141 231 146 232
141 233 149 233
140 245 151 245
142 7 151 7
142 33 153 33
142 37 152 37
142 46 153 46
142 49 146 50
142 56 149 56
142 72 150 72
142 75 152 75
141 76 152 76
142 133 150 133
142 139 151 139
142 146 153 146
142 149 147 150
142 157 152 157
142 169 153 169
142 178 151 178
142 213 153 213
142 218 152 218
141 223 150 223
142 227 150 227
142 235 152 235
141 237 146 238
141 5 152 5
143 10 151 10
143 19 154 19
143 24 153 24
143 73 154 73
142 81 153 81
143 124 148 125
143 127 154 127
143 131 152 131
143 140 150 140
143 166 154 166
143 167 150 167
143 175 151 175
143 183 151 183
143 209 154 209
143 226 153 226
143 240 154 240
143 241 147 242
142 6 149 6
144 16 152 16
144 18 155 18
144 20 155 20
144 34 148 35
144 45 154 45
143 52 151 52
143 66 150 66
144 79 155 79
144 132 153 132
144 136 151 136
144 141 153 141
144 158 155 158
144 179 147 181
144 220 154 220
144 249 155 249
145 4 153 4
145 13 156 13
144 28 149 29
145 40 156 40
145 48 156 48
144 55 155 55
143 57 152 57
145 64 149 65
145 69 156 69
145 70 152 70
145 89 156 89
145 105 149 106
143 108 153 108
145 117 156 117
145 144 156 144
145 147 154 147
145 155 156 155
141 184 149 184
144 199 155 199
145 214 154 214
146 1 154 1
145 17 154 17
146 22 153 22
146 26 156 26
146 38 155 38
146 39 154 39
146 60 155 60
146 68 153 68
146 93 149 94
146 95 153 95
146 135 154 135
143 138 151 138
146 148 155 148
146 151 153 151
145 152 155 152
146 163 148 165
146 174 154 174
146 192 155 192
146 206 157 206
146 207 157 207
146 215 155 215
146 222 155 222
146 228 156 228
146 243 157 243
146 247 155 247
147 2 156 2
147 14 156 14
147 30 156 30
147 36 157 36
147 49 149 51
147 59 157 59
147 62 154 62
146 77 157 77
146 80 155 80
145 83 153 83
147 86 157 86
147 107 155 107
146 123 155 123
147 126 157 126
147 128 151 129
147 143 156 143
147 200 158 200
147 201 154 201
145 224 155 224
147 225 155 225
147 230 150 231
147 232 155 232
147 234 154 234
147 237 152 238
147 246 156 246
147 248 155 248
148 3 158 3
148 8 159 8
148 15 155 15
148 31 155 31
148 41 152 42
148 58 159 58
147 71 158 71
148 88 156 88
142 91 153 91
148 96 153 97
147 98 154 98
148 99 159 99
148 101 157 101
148 104 156 104
148 110 159 110
148 112 159 112
148 119 158 119
146 121 155 121
148 153 152 154
148 161 155 161
148 171 156 171
147 173 158 173
148 179 151 181
148 187 156 187
145 189 155 189
147 195 154 195
148 204 156 204
148 205 159 205
148 241 153 242
149 11 156 11
149 21 157 21
149 23 158 23
149 34 158 34
149 47 158 47
149 53 159 53
149 54 160 54
149 63 159 63
149 85 159 85
148 92 159 92
149 109 160 109
149 114 153 115
149 118 156 118
149 124 160 124
149 134 160 134
149 137 157 137
148 149 152 150
149 163 158 163
149 164 153 165
149 172 157 172
148 177 158 177
149 190 160 190
149 194 157 194
149 208 159 208
149 210 157 210
149 239 160 239
150 0 161 0
150 6 157 6
149 27 159 27
150 28 157 28
150 32 161 32
150 44 158 44
150 49 153 51
150 64 158 64
150 74 160 74
150 84 161 84
150 90 161 90
150 93 160 93
150 94 157 94
150 105 155 106
150 113 158 113
149 160 156 160
150 162 157 162
150 168 157 168
150 182 159 182
150 184 161 184
150 197 161 197
150 203 160 203
148 212 159 212
150 216 154 217
150 219 158 219
150 229 158 229
150 233 158 233
150 244 161 244
151 12 159 12
151 35 162 35
151 56 162 56
151 65 155 66
151 72 159 72
151 102 159 102
151 103 161 103
151 122 161 122
149 125 159 125
151 130 158 130
151 133 159 133
151 167 160 167
151 185 158 185
151 188 162 188
151 196 159 196
151 198 161 198
151 211 160 211
151 227 160 227
151 231 160 231
151 236 162 236
152 7 160 7
152 9 163 9
152 10 163 10
150 29 159 29
151 43 160 43
152 52 162 52
152 67 159 67
152 78 163 78
152 100 161 100
152 129 162 129
152 136 159 136
152 138 157 139
152 140 163 140
152 170 163 170
152 175 161 175
152 178 161 178
152 183 160 183
151 193 162 193
153 5 163 5
153 25 162 25
153 37 163 37
153 41 164 41
153 57 161 57
153 70 162 70
153 75 163 75
153 76 163 76
153 82 164 82
153 111 164 111
153 116 164 116
153 149 156 150
153 153 160 153
153 157 160 157
150 176 157 176
152 179 154 181
153 218 163 218
153 221 164 221
151 230 158 230
153 235 162 235
153 237 162 237
153 238 160 238
153 245 164 245
154 4 161 4
154 22 163 22
154 24 165 24
154 49 159 50
151 61 162 61
154 68 161 68
154 81 163 81
154 83 164 83
152 87 159 87
154 91 165 91
154 95 163 95
154 97 162 97
154 108 163 108
154 114 159 115
154 120 165 120
152 128 163 128
154 131 157 132
151 142 158 142
154 145 157 146
154 151 161 151
149 156 160 156
153 159 164 159
154 164 159 165
154 169 162 169
154 223 165 223
154 226 163 226
154 242 165 242
155 1 166 1
155 17 163 17
155 19 163 19
155 39 163 39
155 45 159 46
154 51 161 51
155 62 166 62
155 73 166 73
154 96 164 96
155 98 162 98
155 127 162 127
155 135 166 135
155 147 165 147
155 179 157 181
153 191 161 191
155 195 166 195
155 201 158 202
155 209 166 209
155 213 160 214
155 217 166 217
155 220 164 220
155 234 163 234
155 240 163 240
156 15 167 15
156 16 167 16
156 18 166 18
156 31 164 31
156 38 163 38
156 55 165 55
156 60 165 60
156 66 164 66
156 80 164 80
156 107 164 107
156 121 166 121
156 148 163 148
156 152 165 152
153 154 162 154
156 161 165 161
155 166 163 166
156 189 164 189
156 192 164 192
156 199 166 199
156 215 164 215
155 216 163 216
156 222 163 222
156 224 166 224
156 225 166 225
156 232 167 232
154 241 163 241
156 247 158 249
157 2 168 2
157 11 167 11
157 14 164 14
157 30 164 30
154 33 161 33
156 65 167 65
157 69 164 69
156 79 164 79
157 88 161 89
157 104 160 105
157 106 168 106
157 117 165 117
157 118 168 118
157 143 162 144
157 149 160 150
157 155 166 155
157 160 166 160
157 171 168 171
157 187 165 187
157 204 166 204
157 228 168 228
157 246 166 246
158 6 169 6
158 20 163 21
158 36 168 36
158 77 166 77
158 94 165 94
158 101 165 101
158 126 166 126
158 131 162 132
158 137 169 137
158 138 169 138
158 139 167 139
158 146 167 146
157 158 168 158
158 162 167 162
158 168 169 168
158 172 166 172
158 174 169 174
158 176 167 176
158 180 162 181
158 194 168 194
158 207 167 207
158 210 165 210
159 3 170 3
157 13 168 13
159 23 167 23
159 26 170 26
159 34 170 34
159 40 170 40
159 44 166 44
159 47 168 47
159 71 167 71
159 113 168 113
159 119 167 119
159 130 170 130
159 142 167 142
159 163 169 163
159 177 168 177
158 179 169 179
159 185 164 186
159 201 164 202
158 206 168 206
159 219 166 219
159 229 163 230
159 233 168 233
159 247 162 248
159 249 166 249
160 8 169 8
160 12 168 12
160 27 167 27
160 28 164 29
160 42 171 42
160 45 169 45
160 46 171 46
160 48 171 48
160 50 168 50
160 53 168 53
160 58 169 58
160 63 169 63
160 64 171 64
160 67 171 67
160 72 171 72
160 85 167 85
160 86 164 87
160 92 171 92
160 102 170 102
160 110 169 110
160 112 171 112
160 114 167 114
160 115 169 115
160 123 171 123
160 133 170 133
158 145 167 145
160 164 165 165
160 182 169 182
160 196 170 196
161 7 168 7
161 74 170 74
161 93 170 93
161 104 169 104
161 105 170 105
161 134 170 134
161 149 172 149
161 150 170 150
161 153 169 153
161 156 165 157
161 167 168 167
161 183 169 183
161 190 171 190
161 200 172 200
161 203 171 203
160 205 167 205
161 211 165 212
161 214 168 214
161 227 169 227
161 231 169 231
161 238 170 238
161 239 171 239
158 243 169 243
162 4 173 4
162 51 173 51
161 54 170 54
162 57 170 57
162 59 173 59
162 68 173 68
162 84 171 84
162 89 171 89
162 99 166 100
162 103 172 103
162 109 173 109
162 151 170 151
162 175 173 175
162 178 169 178
162 191 169 191
162 198 173 198
161 213 169 213
163 0 174 0
163 25 173 25
163 43 174 43
163 52 170 52
163 56 171 56
163 61 171 61
163 70 174 70
162 88 170 88
163 97 172 97
163 98 174 98
163 125 174 125
163 127 172 127
163 131 168 132
163 141 174 141
163 143 172 143
163 169 171 169
163 181 174 181
163 193 171 193
163 235 172 235
163 236 168 237
162 244 173 244
163 247 170 247
163 248 174 248
164 9 171 9
164 19 169 20
164 21 174 21
164 22 174 22
164 37 175 37
164 38 168 39
164 49 175 49
164 75 167 76
164 78 173 78
164 81 175 81
164 95 171 95
164 108 172 108
164 128 174 128
163 144 170 144
164 148 172 148
164 166 173 166
163 188 173 188
162 197 172 197
164 216 175 216
164 218 175 218
164 222 174 222
164 226 174 226
164 229 175 229
164 230 172 230
164 234 173 234
164 240 169 241
165 28 167 30
165 31 170 32
163 35 174 35
165 66 175 66
165 69 176 69
165 79 169 80
165 82 168 83
165 86 168 87
165 90 176 90
165 96 173 96
165 107 172 107
165 111 176 111
165 170 176 170
165 189 174 189
165 201 176 201
165 202 174 202
165 215 174 215
165 220 172 220
165 221 173 221
166 10 177 10
166 41 177 41
166 55 173 55
166 60 174 60
166 94 177 94
166 101 175 101
166 116 170 117
166 129 177 129
166 147 174 147
166 152 176 152
166 157 173 157
166 161 176 161
165 184 169 185
165 186 173 186
166 187 176 187
166 210 177 210
166 211 177 211
166 242 173 242
165 245 174 245
167 17 171 18
167 44 178 44
167 73 176 73
167 77 175 77
166 91 175 91
167 99 170 100
167 120 171 121
167 126 175 126
167 155 176 155
167 156 178 156
167 159 170 160
166 164 175 164
166 165 175 165
167 172 171 173
166 180 177 180
167 195 178 195
167 199 178 199
167 204 175 204
167 208 170 209
167 219 174 219
167 224 177 224
167 225 178 225
167 249 177 249
167 1 176 1
168 11 177 11
168 14 171 16
168 23 172 24
168 27 178 27
168 29 179 29
168 30 176 30
167 62 174 62
168 71 178 71
168 75 172 76
168 85 177 85
168 114 175 114
168 119 179 119
168 139 176 139
168 142 176 142
168 145 177 145
168 146 176 146
168 162 175 162
168 176 176 176
168 205 176 205
168 207 179 207
167 212 178 212
168 232 176 232
169 5 180 5
169 7 179 7
169 12 177 12
169 13 177 13
168 28 176 28
169 36 179 36
169 38 178 38
169 47 177 47
169 50 180 50
169 53 177 53
169 82 174 83
169 86 180 86
169 87 180 87
169 113 179 113
169 118 176 118
169 131 173 132
167 135 171 136
169 158 178 158
169 167 180 167
169 171 178 171
169 177 177 177
169 194 179 194
169 206 178 206
169 214 179 214
166 223 176 223
169 228 176 228
169 233 177 233
169 236 178 236
169 246 180 246
170 8 177 8
170 19 178 19
170 45 179 45
170 58 178 58
170 63 180 63
170 104 181 104
170 106 181 106
170 115 178 115
170 124 181 124
170 137 180 137
170 138 177 138
170 153 174 154
170 163 180 163
170 178 181 178
170 179 177 179
170 182 177 182
170 183 177 183
170 184 177 184
170 185 181 185
170 191 175 192
170 213 179 213
168 217 179 217
170 227 181 227
170 231 177 231
170 240 179 240
170 243 181 243
170 2 181 2
170 6 179 6
171 31 174 33
171 39 176 40
171 52 179 52
171 54 182 54
171 57 182 57
171 74 179 74
171 80 182 80
171 88 178 88
171 93 178 93
171 100 180 100
171 102 182 102
171 105 182 105
171 116 179 116
171 117 181 117
171 122 182 122
171 130 182 130
171 133 179 133
171 134 182 134
171 144 181 144
171 150 181 150
171 151 179 151
171 159 175 160
170 168 178 168
171 196 179 196
171 208 182 208
169 237 178 237
171 238 179 238
171 247 182 247
172 9 182 9
172 16 175 17
172 18 180 18
172 34 183 34
172 42 179 42
172 46 183 46
172 48 183 48
172 56 180 56
172 61 179 61
170 79 179 79
172 89 180 89
172 92 181 92
172 95 180 95
172 135 179 135
172 169 183 169
172 173 180 173
172 190 182 190
172 193 180 193
172 209 183 209
172 239 183 239
171 3 179 3
172 14 177 15
173 23 184 23
173 24 181 24
172 64 176 65
173 75 181 75
173 97 180 97
173 103 184 103
173 107 177 108
173 110 184 110
173 112 184 112
172 120 183 120
173 121 184 121
173 127 180 127
173 143 182 143
173 148 183 148
173 149 182 149
171 174 182 174
173 220 180 220
173 230 183 230
173 235 182 235
174 25 179 26
174 51 182 51
174 55 183 55
174 59 184 59
172 72 180 72
173 76 181 76
174 78 185 78
174 96 182 96
174 99 185 99
174 131 183 131
172 136 179 136
174 157 182 157
174 166 185 166
172 172 182 172
174 186 181 186
174 188 185 188
174 197 177 198
173 200 182 200
174 221 185 221
174 234 182 234
174 241 179 242
174 4 181 4
172 20 183 20
175 21 186 21
175 35 184 35
175 43 182 43
175 60 186 60
175 62 186 62
174 67 178 68
175 82 184 82
175 83 183 83
173 123 184 123
175 128 182 128
175 141 186 141
175 147 183 147
175 154 183 154
175 181 183 181
175 189 184 189
175 215 184 215
175 219 183 219
175 222 186 222
175 226 186 226
175 245 184 245
175 248 186 248
176 32 187 32
175 33 186 33
176 66 183 66
175 70 185 70
176 77 186 77
176 81 183 81
176 91 187 91
175 98 186 98
176 101 184 101
176 114 183 114
176 126 184 126
176 159 180 160
176 162 183 162
176 164 183 164
176 165 183 165
176 191 181 192
176 202 187 202
176 203 181 204
176 218 186 218
177 0 182 1
176 16 186 16
177 30 184 30
175 31 183 31
177 39 185 39
177 40 184 40
177 64 181 65
177 73 184 73
177 84 188 84
176 109 187 109
177 111 188 111
177 118 186 118
177 139 184 139
177 142 185 142
177 146 186 146
177 152 186 152
177 176 184 176
177 187 185 187
177 205 186 205
177 216 188 216
177 223 188 223
177 228 181 229
177 232 186 232
178 8 188 8
178 10 185 10
178 11 186 11
178 12 182 13
178 15 186 15
178 37 189 37
178 47 185 47
178 85 189 85
177 90 184 90
178 107 182 108
175 125 184 125
178 129 188 129
178 138 189 138
178 145 189 145
178 153 189 153
178 177 187 177
178 179 186 179
178 180 185 180
178 182 187 182
178 183 186 183
178 184 189 184
178 197 182 198
177 201 187 201
178 210 183 211
178 224 188 224
178 231 187 231
178 233 187 233
178 249 187 249
178 14 187 14
179 19 188 19
179 22 190 22
179 27 189 27
179 28 190 28
179 38 186 38
179 44 190 44
179 58 188 58
179 67 182 68
177 69 186 69
179 71 189 71
179 93 190 93
179 115 188 115
179 156 190 156
179 168 187 168
179 170 184 171
179 195 187 195
179 199 190 199
179 206 188 206
179 212 190 212
179 236 190 236
179 237 187 237
180 3 188 3
180 6 185 7
180 17 191 17
180 25 183 26
178 41 187 41
180 42 188 42
180 45 189 45
177 49 188 49
180 52 183 53
180 61 187 61
180 74 188 74
180 79 190 79
178 94 189 94
180 113 190 113
180 116 191 116
180 135 191 135
180 136 191 136
180 151 187 151
180 196 188 196
180 207 188 207
180 213 185 214
180 217 191 217
180 238 189 238
180 240 189 240
180 241 184 242
181 18 189 18
180 29 189 29
181 50 191 50
181 56 188 56
181 63 192 63
181 86 183 88
181 89 188 89
181 97 189 97
181 100 192 100
181 127 191 127
181 137 190 137
181 140 192 140
180 155 191 155
181 158 184 159
181 160 184 161
181 163 192 163
181 167 192 167
181 173 189 173
181 193 184 194
181 220 192 220
181 244 192 244
182 4 189 4
182 72 193 72
182 75 190 75
182 76 190 76
182 92 191 92
182 104 192 104
182 106 190 106
182 117 192 117
180 119 189 119
182 124 192 124
182 144 193 144
182 150 189 150
182 175 193 175
182 185 193 185
182 186 191 186
182 191 186 192
182 227 184 229
182 243 193 243
183 0 186 1
183 9 191 9
183 12 186 13
183 51 193 51
183 57 194 57
183 67 186 68
183 95 194 95
183 96 194 96
183 105 194 105
183 107 193 107
183 108 193 108
183 122 194 122
183 128 194 128
183 130 193 130
183 132 194 132
183 143 190 143
183 157 194 157
183 172 194 172
183 174 193 174
183 190 193 190
183 198 192 198
183 200 194 200
182 203 191 203
182 204 189 204
183 234 187 235
183 247 192 247
183 5 194 5
184 20 192 20
184 25 195 25
184 31 194 31
184 34 192 34
184 46 195 46
184 52 187 54
184 55 195 55
183 64 194 64
184 66 193 66
183 80 190 80
184 81 193 81
184 83 193 83
184 86 195 86
184 88 195 88
183 102 191 102
184 114 195 114
184 120 195 120
184 131 192 131
184 133 195 133
183 134 193 134
184 147 195 147
184 149 195 149
184 154 192 154
184 162 193 162
184 164 191 164
184 165 191 165
184 181 193 181
184 197 195 197
184 208 188 209
184 210 192 210
184 219 193 219
184 230 195 230
184 239 191 239
185 23 196 23
185 30 194 30
185 35 196 35
185 40 195 40
185 59 195 59
185 73 195 73
185 82 193 82
185 87 196 87
185 90 192 90
185 101 193 101
185 103 196 103
185 112 195 112
185 123 193 123
185 125 193 125
185 126 193 126
185 139 194 139
185 158 194 158
185 159 192 159
185 160 188 161
185 170 190 171
185 176 196 176
185 189 195 189
185 211 196 211
185 215 193 215
185 227 187 229
185 241 188 242
181 246 189 246
186 6 190 7
186 10 197 10
186 39 194 39
186 43 197 43
186 47 196 47
186 70 197 70
185 121 192 121
186 142 194 142
186 148 197 148
184 169 195 169
186 178 197 178
186 180 195 180
186 187 189 188
186 213 197 213
186 214 195 214
186 245 197 245
187 0 197 0
187 11 198 11
187 12 192 13
187 15 198 15
187 16 198 16
187 21 198 21
187 26 198 26
187 33 194 33
184 48 192 48
187 60 194 60
187 62 194 62
187 67 195 67
187 68 192 69
187 77 195 77
186 78 194 78
187 98 191 99
187 110 198 110
187 118 195 118
187 146 195 146
187 152 195 152
187 179 196 179
187 183 195 183
187 191 192 192
187 193 198 193
187 205 197 205
187 221 198 221
187 232 197 232
187 248 194 248
188 2 199 2
188 14 196 14
188 32 195 32
188 61 197 61
188 91 198 91
188 109 197 109
188 151 197 151
188 177 196 177
188 182 195 182
188 195 197 195
188 201 198 201
188 202 199 202
188 227 190 229
188 231 195 231
188 233 190 235
188 237 197 237
188 249 197 249
189 3 199 3
189 19 198 19
189 41 194 42
189 49 199 49
188 52 192 53
189 56 199 56
189 89 199 89
189 115 197 115
189 160 193 161
189 196 197 196
189 206 199 206
189 207 198 207
189 208 198 208
189 216 199 216
189 222 193 223
189 224 192 226
189 241 196 241
189 242 199 242
190 4 199 4
190 29 199 29
190 37 197 37
190 45 199 45
190 71 198 71
190 84 195 85
190 119 199 119
190 138 199 138
190 153 199 153
190 173 199 173
190 188 197 188
190 204 199 204
189 209 197 209
190 240 199 240
190 246 197 246
191 6 193 8
191 22 198 22
191 27 195 28
188 54 197 54
191 75 199 75
191 76 199 76
191 79 199 79
191 93 198 93
191 137 198 137
190 145 198 145
191 170 194 171
190 184 197 184
190 187 199 187
191 227 193 229
191 233 192 236
192 17 196 18
192 92 199 92
192 102 199 102
192 116 199 116
192 164 194 166
192 186 199 186
192 238 196 239
193 52 197 53
193 68 197 69
193 140 198 141
193 198 196 199
192 217 195 218
193 224 197 225
193 233 196 234
194 6 196 8
193 12 196 13
194 50 199 51
194 65 198 66
194 80 199 81
194 82 199 83
194 100 199 101
194 106 196 108
194 129 198 130
194 134 196 136
194 143 197 144
194 154 199 155
194 160 199 161
193 167 198 168
194 174 199 175
194 190 199 191
194 219 199 220
194 222 198 223
194 226 196 229
194 243 199 244
195 30 199 31
195 33 199 34
195 62 198 63
195 94 198 95
195 104 199 105
195 126 198 128
195 131 199 132
195 157 198 158
195 162 198 164
195 170 199 171
196 38 198 41
195 57 198 58
196 72 199 73
196 77 199 78
196 84 199 85
196 111 199 113
196 120 197 123
196 180 199 181
197 5 199 8
197 46 199 48
197 197 199 200
197 210 199 212
197 227 199 229
197 233 199 235
198 120 199 125
198 147 199 152
198 182 199 185
199 9 199 16
199 17 199 24
199 35 199 44
199 57 199 64
199 139 199 146
199 162 199 169
